0.06395
0.00154
0.01948
0.08452
0.22753
0.05975
0.00956
0.03675
0.103
0.01
0.10773
0.10459
0.00147
0.02104
0.09505
0.00776
0.00886
0.00754
0.0391
0.05982
0.02094
0.00272
0.02767
0.12076
0.0546
0.00647
0.02707
0.1657
0.10883
0.00759
0.02461
0.00054
0.03838
0.03698
0.03425
0.04031
0.01732
0.00773
0.0842
0.18865
0.12542
0.02463
0.14273
0.09556
0.02611
0.10509
0.00516
0.00587
0.00489
0.02231
0.25814
0.00631
0.06052
0.00078
0.02286
0.09419
0.01865
0.12408
0.01326
0.12137
0.00917
0.00971
0.01936
0.02527
0.03025
0.08407
0.08538
0.03194
0.10338
0.0448
0.01134
0.10538
0.03747
0.22793
0.01645
0.04095
0.2098
0.06893
0.14935
0.00835
0.02528
0.00674
0.01323
0.14306
0.10546
0.00458
0.03148
0.14345
0.12237
0.00384
0.00912
0.05485
0.00255
0.03494
0.02081
0.02094
0.01927
0.17895
0.02895
0.0143
0.02978
0.01319
0.06452
0.01612
0.13326
0.13896
0.05645
0.02663
0.12248
0.02534
0.02948
0.00858
0.0125
0.04417
0.07142
0.02072
0.03366
0.03872
0.00477
0.10449
0.03651
0.0913
0.03294
0.22769
0.03304
0.1879
0.02584
0.02925
0.05461
0.17944
0.00361
0.00245
0.01119
0.07202
0.20905
0.05837
0.00089
0.01326
0.03824
0.02093
0.02508
0.0049
0.00554
0.07204
0.01679
0.08559
0.00116
0.00347
0.03417
0.04905
0.00622
0.13572
0.01122
0.00761
0.00755
0.01222
0.19344
0.01978
0.16307
0.0198
0.00488
0.00487
0.00847
0.08859
0.05872
0.179
0.00046
0.00783
0.09773
0.1196
0.11739
0.03646
0.05412
0.00378
0.01363
0.01178
0.20972
0.00864
0.105
0.01144
0.03459
0.00842
0.05532
0.27066
0.14327
0.10511
0.05482
0.00406
0.0098
0.00163
0.01094
0.01658
0.10967
0.03236
0.01577
0.10443
0.06065
0.07799
0.00616
0.19083
0.04891
0.12522
0.06533
0.0069
0.07517
0.02245
0.02954
0.03345
0.01613
0.01988
0.02675
0.04884
0.00025
0.03162
0.01624
0.00928
0.01562
0.20929
0.01258
0.05065
0.0161
0.03811
0.02582
0.01441
0.03489
0.11874
0.09638
0.05978
0.03462
0.03038
0.01984
0.08321
0.0257
0.03309
0.00329
0.00918
0.00326
0.00586
0.00175
0.16572
0.15405
0.01958
0.10438
0.02646
0.00974
0.09881
0.00037
0.1182
0.18867
0.00166
0.01598
0.02031
0.00106
0.06087
0.08544
0.02649
0.09818
0.0733
0.1466
0.027
0.03124
0.10289
0.03999
0.02644
0.02588
0.00964
0.00452
0.00994
0.00043
0.01584
0.00325
0.03316
0.05651
0.10609
0.08477
0.06769
0.03168
0.04984
0.06152
0.02431
0.00146
0.01172
0.15965
0.01578
0.00802
0.04297
0.05691
0.02012
0.11989
0.00885
0.07479
0.00253
0.09612
0.01449
0.01882
0.02917
0.15299
0.00756
0.02521
0.00287
0.0012
0.01219
0.00408
0.00022
0.0098
0.12371
0.00534
0.00213
0.00595
0.07288
0.07487
0.00996
0.01174
0.0124
0.03118
0.00833
0.00794
0.04281
0.02727
0.00344
0.01917
0.02012
0.034
0.00877
0.04014
0.01545
0.02587
0.0023
0.01602
0.0859
0.01374
0.09601
0.15165
0.07778
0.04355
0.06028
0.15612
0.02403
0.03334
0.00377
0.02035
0.02601
0.03368
0.03411
0.00587
0.08496
0.01623
0.03768
0.02905
0.02589
0.02543
0.0264
0.06942
0.15325
0.02198
0.00281
0.03078
0.00121
0.00076
0.26739
0.03477
0.05168
0.00487
0.07598
0.01691
0.02557
0.0714
0.00809
0.00456
0.01622
0.05928
0.01804
0.10294
0.17925
0.00523
0.01498
0.13446
0.17797
0.01549
0.00674
0.0121
0.00843
0.00253
0.11901
0.03666
0.10045
0.05596
0.01984
0.00311
0.00085
0.03475
0.04078
0.04825
0.01481
0.05282
0.02167
0.04205
0.06049
0.03214
0.00617
0.02094
0.02784
0.06925
0.03244
0.27002
0.00608
0.00596
0.01397
0.00467
0.1057
0.00468
0.016
0.05328
0.03454
0.02944
0.02072
0.01245
0.04464
0.00497
0.11817
0.03464
0.03343
0.01841
0.02896
0.04251
0.00573
0.1198
0.01544
0.12121
0.00657
0.05858
0.00919
0.00662
0.00813
0.00822
0.01227
0.0359
0.06245
0.06984
0.01377
0.01488
0.07679
0.00419
0.04392
0.00067
0.01409
0.02564
0.18486
0.00549
0.02648
0.10457
0.00119
0.01352
0.10742
0.03818
0.11909
0.00967
0.09941
0.09266
0.12421
0.10738
