0.04884
3 2 1
2 3 1
2 3 1
2 3
1 2
2 1 3
1 2 7 3
2 1
2 3 1
2 1
2 1
1 4
1 2 7 3
0.00025
3 2 1
2 1 3
2 1 3
2 3
2 1
2 1 3
2 1 3 7
2 1 3
2 1 3
2 1
2 1
1 4
1 2 7 3
0.03162
3 2 1
2 3 1
2 1 3
2 3
1 2
2 1 3
2 1 3 7
2 3 1
2 3 1
2 1
2 1
1 2
1 2 7 3
0.01624
2 1 3
2 1
2 3 1
2 3
2 1
1 2 3
1 2 7 3
2 1 7
2 3
2 1
2 1
1 2
1 2 7 3
0.00928
2 3 1
2 1 3
2 3 1
2 3
2 1
1 2 3
2 1 3 7
2 1
2 1 3
1 2
2 1
1 4
1 2 7 3
0.01562
2 3 1
2 3 1
2 1 3
2 3
1 2
2 1 3
2 1 7 3
2 1
2 1 3
1 2
2 1
1 2
1 2 7 3
0.20929
3 1 2
2 1
2 3 1
2 3
1 2
1 2 3
1 2 7 3
2 1
2 3
2 1
2 1
1 2
1 2 7 3
0.01258
1 2 3
2 1
2 1 3
2 3
1 2
1 2 3
1 2 3 7
2 3
2 3 1
1 2
2 1
1 2
1 2 7 3
0.05065
3 2 1
2 3 1
2 1 3
2 3
2 1
2 1 3
1 2 3 7
2 1 7
2 1 3
1 2
2 1
1 2
1 2 7 3
0.0161
1 2 3
2 1
2 1 3
2 3
1 2
2 1 3
1 2 3 7
2 1
2 1 3
1 2
2 1
1 2
1 2 7 3
0.03811
1 2 3
2 1
2 3 1
2 3
1 2
1 2 3
1 2 7 3
2 1
2 1 3
2 1
2 1
1 2
1 2 7 3
0.02582
1 3 2
2 1 3
2 1 3
2 3
2 1
1 2 3
2 1 7 3
2 1
2 3
1 2
2 1
1 2
1 2 7 3
0.01441
2 3 1
2 1 3
2 3 1
2 3
1 2
2 1 3
1 2 3 7
2 3 1
2 1 3
2 1
2 1
1 2
1 2 7 3
0.03489
3 2 1
2 3 1
2 3 1
2 3
1 2
1 2 3
2 1 7 3
2 1 7
2 1 3
2 1
2 1
1 4
1 2 7 3
0.11874
3 1 2
2 1
2 3 1
2 3
2 1
1 2 3
2 1 3 7
2 1
2 1 3
2 1
2 1
1 2
1 2 7 3
0.09638
3 1 2
2 1 3
2 3 1
2 3
2 1
1 2 3
2 1 7 3
2 1
2 3
1 2
2 1
1 4
1 2 7 3
0.05978
3 2 1
2 1
2 1 3
2 3
2 1
1 2 3
1 2 3 7
2 1 3
2 1 3
1 2
2 1
1 2
1 2 7 3
0.03462
2 1 3
2 3 1
2 3 1
2 3
1 2
2 1 3
1 2 3 7
2 1
2 3
1 2
2 1
1 2
1 2 7 3
0.03038
2 1 3
2 1
2 3 1
2 3
1 2
2 1 3
2 1 7 3
2 1
2 3 1
1 2
2 1
1 2
1 2 7 3
0.01984
3 2 1
2 1 3
2 3 1
2 3
2 1
2 1 3
2 1 3 7
2 1 7
2 1 3
1 2
2 1
1 2
1 2 7 3
0.08321
1 3 2
2 3 1
2 1 3
2 3
2 1
1 2 3
2 1 3 7
2 1
2 3
1 2
2 1
1 2
1 2 7 3
0.0257
1 3 2
2 3 1
2 1 3
2 3
1 2
1 2 3
2 1 3 7
2 3
2 1 3
2 1
2 1
1 4
1 2 7 3
0.03309
2 3 1
2 1 3
2 3 1
2 3
2 1
1 2 3
1 2 3 7
2 1
2 1 3
1 2
2 1
1 2
1 2 7 3
0.00329
2 3 1
2 1
2 3 1
2 3
2 1
2 1 3
2 1 7 3
2 3
2 3
1 2
2 1
1 4
1 2 7 3
0.00918
2 1 3
2 1
2 1 3
2 3
1 2
1 2 3
2 1 7 3
2 1
2 3
2 1
2 1
1 2
1 2 7 3
0.00326
2 1 3
2 1
2 1 3
2 3
2 1
2 1 3
2 1 3 7
2 3 1
2 1 3
1 2
2 1
1 2
1 2 7 3
0.00586
2 1 3
2 3 1
2 1 3
2 3
2 1
1 2 3
1 2 7 3
2 3
2 3
1 2
2 1
1 2
1 2 7 3
0.00175
2 1 3
2 1 3
2 1 3
2 3
1 2
2 1 3
2 1 7 3
2 1
2 1 3
1 2
2 1
1 2
1 2 7 3
0.16572
3 1 2
2 1
2 3 1
2 3
1 2
2 1 3
2 1 3 7
2 1
2 3
2 1
2 1
1 2
1 2 7 3
0.15405
3 1 2
2 1
2 1 3
2 3
1 2
1 2 3
2 1 3 7
2 3 1
2 3
1 2
2 1
1 2
1 2 7 3
0.01958
2 1 3
2 1
2 3 1
2 3
1 2
1 2 3
1 2 3 7
2 3
2 1 3
1 2
2 1
1 2
1 2 7 3
0.10438
1 3 2
2 3 1
2 3 1
2 3
1 2
1 2 3
1 2 3 7
2 1 7
2 3
2 1
2 1
1 2
1 2 7 3
0.02646
1 3 2
2 1
2 1 3
2 3
1 2
2 1 3
2 1 3 7
2 1 7
2 3 1
2 1
2 1
1 4
1 2 7 3
0.00974
2 1 3
2 1
2 3 1
2 3
2 1
2 1 3
1 2 3 7
2 1
2 1 3
1 2
2 1
1 4
1 2 7 3
0.09881
3 2 1
2 1
2 1 3
2 3
2 1
1 2 3
1 2 7 3
2 1
2 3 1
2 1
2 1
1 2
1 2 7 3
0.00037
2 1 3
2 1
2 3 1
2 3
2 1
2 1 3
2 1 3 7
2 1 7
2 3
2 1
2 1
1 4
1 2 7 3
0.1182
3 1 2
2 1 3
2 3 1
2 3
1 2
1 2 3
1 2 3 7
2 3 1
2 3
2 1
2 1
1 2
1 2 7 3
0.18867
3 1 2
2 1
2 1 3
2 3
1 2
2 1 3
2 1 7 3
2 1
2 3 1
1 2
2 1
1 2
1 2 7 3
0.00166
1 2 3
2 1 3
2 1 3
2 3
2 1
2 1 3
2 1 3 7
2 1
2 3
2 1
2 1
1 2
1 2 7 3
0.01598
2 1 3
2 1 3
2 3 1
2 3
1 2
1 2 3
2 1 7 3
2 1
2 3
1 2
2 1
1 2
1 2 7 3
0.02031
2 3 1
2 1
2 1 3
2 3
1 2
2 1 3
1 2 3 7
2 1 7
2 3
1 2
2 1
1 4
1 2 7 3
0.00106
2 1 3
2 1
2 1 3
2 3
2 1
2 1 3
2 1 7 3
2 3
2 1 3
1 2
2 1
1 2
1 2 7 3
0.06087
3 1 2
2 3 1
2 1 3
2 3
2 1
1 2 3
1 2 7 3
2 3
2 1 3
1 2
2 1
1 2
1 2 7 3
0.08544
1 3 2
2 3 1
2 3 1
2 3
1 2
1 2 3
1 2 7 3
2 1
2 3
1 2
2 1
1 2
1 2 7 3
0.02649
2 3 1
2 1
2 1 3
2 3
1 2
1 2 3
1 2 7 3
2 1
2 3
2 1
2 1
1 4
1 2 7 3
0.09818
3 2 1
2 1
2 3 1
2 3
1 2
2 1 3
2 1 7 3
2 3
2 3
1 2
2 1
1 2
1 2 7 3
0.0733
1 3 2
2 3 1
2 1 3
2 3
2 1
2 1 3
1 2 7 3
2 1
2 3 1
1 2
2 1
1 4
1 2 7 3
0.1466
3 1 2
2 3 1
2 3 1
2 3
2 1
2 1 3
1 2 7 3
2 1
2 1 3
1 2
2 1
1 2
1 2 7 3
0.027
3 1 2
2 1
2 1 3
2 3
2 1
2 1 3
2 1 7 3
2 1 3
2 3
1 2
2 1
1 4
1 2 7 3
0.03124
1 2 3
2 1
2 3 1
2 3
1 2
1 2 3
1 2 7 3
2 1
2 1 3
1 2
2 1
1 2
1 2 7 3
0.10289
3 1 2
2 1
2 3 1
2 3
2 1
1 2 3
2 1 3 7
2 1
2 3
2 1
2 1
1 4
1 2 7 3
0.03999
3 2 1
2 1 3
2 1 3
2 3
1 2
1 2 3
2 1 3 7
2 1
2 3 1
2 1
2 1
1 4
1 2 7 3
0.02644
1 3 2
2 1 3
2 3 1
2 3
2 1
2 1 3
2 1 7 3
2 1
2 3
1 2
2 1
1 4
1 2 7 3
0.02588
1 3 2
2 1 3
2 1 3
2 3
1 2
2 1 3
1 2 7 3
2 1
2 3
1 2
2 1
1 2
1 2 7 3
0.00964
1 2 3
2 1
2 3 1
2 3
1 2
2 1 3
2 1 3 7
2 1
2 1 3
2 1
2 1
1 4
1 2 7 3
0.00452
2 3 1
2 1 3
2 1 3
2 3
1 2
1 2 3
2 1 3 7
2 1 3
2 3 1
2 1
2 1
1 4
1 2 7 3
0.00994
1 3 2
2 1
2 1 3
2 3
2 1
2 1 3
2 1 3 7
2 1
2 1 3
2 1
2 1
1 2
1 2 7 3
0.00043
2 1 3
2 1
2 1 3
2 3
2 1
2 1 3
2 1 7 3
2 1
2 1 3
2 1
2 1
1 2
1 2 7 3
0.01584
1 2 3
2 3 1
2 1 3
2 3
1 2
1 2 3
2 1 3 7
2 1
2 3
1 2
2 1
1 4
1 2 7 3
0.00325
2 1 3
2 1 3
2 3 1
2 3
1 2
2 1 3
1 2 7 3
2 3
2 1 3
1 2
2 1
1 4
1 2 7 3
0.03316
1 2 3
2 1
2 3 1
2 3
2 1
1 2 3
1 2 7 3
2 1
2 3
1 2
2 1
1 2
1 2 7 3
0.05651
3 1 2
2 1 3
2 3 1
2 3
2 1
2 1 3
1 2 7 3
2 1 7
2 3
2 1
2 1
1 2
1 2 7 3
0.10609
3 1 2
2 1
2 3 1
2 3
1 2
2 1 3
2 1 7 3
2 3
2 3
1 2
2 1
1 4
1 2 7 3
0.08477
1 3 2
2 1
2 3 1
2 3
1 2
1 2 3
1 2 7 3
2 3
2 3 1
1 2
2 1
1 2
1 2 7 3
0.06769
3 1 2
2 1
2 1 3
2 3
1 2
2 1 3
2 1 7 3
2 1 7
2 3
1 2
2 1
1 4
1 2 7 3
0.03168
3 1 2
2 1
2 3 1
2 3
2 1
2 1 3
2 1 3 7
2 3
2 3
2 1
2 1
1 4
1 2 7 3
0.04984
3 2 1
2 3 1
2 1 3
2 3
1 2
2 1 3
1 2 7 3
2 1
2 3
2 1
2 1
1 4
1 2 7 3
0.06152
1 3 2
2 1 3
2 1 3
2 3
2 1
1 2 3
1 2 3 7
2 1
2 3 1
1 2
2 1
1 4
1 2 7 3
0.02431
2 3 1
2 1
2 1 3
2 3
2 1
1 2 3
2 1 7 3
2 1
2 3
1 2
2 1
1 2
1 2 7 3
0.00146
2 1 3
2 1 3
2 1 3
2 3
2 1
2 1 3
1 2 3 7
2 1
2 3
2 1
2 1
1 2
1 2 7 3
0.01172
2 1 3
2 3 1
2 1 3
2 3
2 1
1 2 3
2 1 3 7
2 3
2 3 1
1 2
2 1
1 2
1 2 7 3
0.15965
3 1 2
2 3 1
2 3 1
2 3
1 2
1 2 3
2 1 7 3
2 1
2 1 3
1 2
2 1
1 4
1 2 7 3
0.01578
2 1 3
2 1
2 3 1
2 3
1 2
1 2 3
1 2 3 7
2 3
2 1 3
1 2
2 1
1 4
1 2 7 3
0.00802
1 3 2
2 1 3
2 1 3
2 3
1 2
2 1 3
2 1 7 3
2 1
2 3
2 1
2 1
1 4
1 2 7 3
0.04297
2 3 1
2 1
2 3 1
2 3
1 2
2 1 3
1 2 7 3
2 1
2 3
1 2
2 1
1 4
1 2 7 3
0.05691
1 3 2
2 1
2 3 1
2 3
2 1
2 1 3
1 2 7 3
2 1
2 3 1
2 1
2 1
1 4
1 2 7 3
0.02012
2 1 3
2 1
2 1 3
2 3
1 2
1 2 3
2 1 3 7
2 3
2 3 1
1 2
2 1
1 2
1 2 7 3
0.11989
3 1 2
2 1
2 1 3
2 3
2 1
1 2 3
2 1 3 7
2 1
2 3 1
2 1
2 1
1 2
1 2 7 3
0.00885
2 1 3
2 3 1
2 1 3
2 3
1 2
1 2 3
2 1 3 7
2 1
2 1 3
2 1
2 1
1 2
1 2 7 3
0.07479
1 3 2
2 3 1
2 3 1
2 3
1 2
1 2 3
2 1 3 7
2 3
2 1 3
1 2
2 1
1 2
1 2 7 3
0.00253
2 1 3
2 1 3
2 1 3
2 3
1 2
2 1 3
2 1 7 3
2 1 3
2 3 1
1 2
2 1
1 2
1 2 7 3
0.09612
3 1 2
2 1
2 1 3
2 3
1 2
2 1 3
2 1 7 3
2 1
2 3
2 1
2 1
1 2
1 2 7 3
0.01449
2 3 1
2 1
2 1 3
2 3
1 2
1 2 3
2 1 3 7
2 1
2 3
2 1
2 1
1 4
1 2 7 3
0.01882
3 2 1
2 1
2 1 3
2 3
2 1
2 1 3
2 1 3 7
2 1
2 3
1 2
2 1
1 4
1 2 7 3
0.02917
1 2 3
2 1
2 3 1
2 3
1 2
2 1 3
2 1 3 7
2 1
2 3
2 1
2 1
1 2
1 2 7 3
0.15299
3 2 1
2 1 3
2 3 1
2 3
2 1
1 2 3
1 2 3 7
2 1
2 3
1 2
2 1
1 2
1 2 7 3
0.00756
1 2 3
2 3 1
2 3 1
2 3
2 1
1 2 3
2 1 7 3
2 1
2 1 3
2 1
2 1
1 4
1 2 7 3
0.02521
3 1 2
2 1
2 1 3
2 3
2 1
2 1 3
2 1 3 7
2 3
2 1 3
2 1
2 1
1 2
1 2 7 3
0.00287
1 2 3
2 1 3
2 1 3
2 3
2 1
2 1 3
2 1 3 7
2 1
2 3 1
2 1
2 1
1 2
1 2 7 3
0.0012
2 1 3
2 1 3
2 1 3
2 3
2 1
2 1 3
1 2 7 3
2 1
2 3
1 2
2 1
1 4
1 2 7 3
0.01219
2 1 3
2 1
2 1 3
2 3
2 1
1 2 3
2 1 3 7
2 1
2 3
1 2
2 1
1 2
1 2 7 3
0.00408
1 2 3
2 1 3
2 1 3
2 3
1 2
1 2 3
1 2 3 7
2 1 7
2 3
2 1
2 1
1 2
1 2 7 3
0.00022
2 1 3
2 1
2 3 1
2 3
2 1
2 1 3
2 1 3 7
2 1
2 1 3
2 1
2 1
1 4
1 2 7 3
0.0098
3 1 2
2 1 3
2 1 3
2 3
2 1
2 1 3
2 1 7 3
2 1 7
2 1 3
1 2
2 1
1 4
1 2 7 3
0.12371
3 2 1
2 3 1
2 1 3
2 3
1 2
2 1 3
1 2 3 7
2 1
2 1 3
1 2
2 1
1 2
1 2 7 3
0.00534
1 2 3
2 3 1
2 1 3
2 3
2 1
1 2 3
1 2 7 3
2 1 3
2 3
2 1
2 1
1 2
1 2 7 3
0.00213
2 1 3
2 1 3
2 3 1
2 3
1 2
2 1 3
2 1 7 3
2 1
2 3 1
2 1
2 1
1 4
1 2 7 3
0.00595
2 1 3
2 1 3
2 3 1
2 3
2 1
1 2 3
2 1 7 3
2 1
2 3 1
2 1
2 1
1 2
1 2 7 3
0.07288
1 3 2
2 1
2 3 1
2 3
2 1
2 1 3
1 2 3 7
2 1
2 1 3
2 1
2 1
1 2
1 2 7 3
0.07487
3 1 2
2 3 1
2 3 1
2 3
2 1
2 1 3
1 2 3 7
2 3 1
2 3
2 1
2 1
1 2
1 2 7 3
0.00996
2 1 3
2 1
2 1 3
2 3
1 2
1 2 3
1 2 3 7
2 1 7
2 1 3
2 1
2 1
1 2
1 2 7 3
0.01174
2 1 3
2 1
2 3 1
2 3
1 2
2 1 3
2 1 3 7
2 1
2 3
2 1
2 1
1 2
1 2 7 3
0.0124
3 1 2
2 1 3
2 1 3
2 3
2 1
2 1 3
1 2 7 3
2 1 3
2 1 3
2 1
2 1
1 2
1 2 7 3
0.03118
1 2 3
2 1
2 3 1
2 3
1 2
2 1 3
2 1 3 7
2 1 7
2 3
1 2
2 1
1 2
1 2 7 3
0.00833
2 3 1
2 3 1
2 3 1
2 3
2 1
1 2 3
1 2 7 3
2 3 1
2 1 3
2 1
2 1
1 4
1 2 7 3
0.00794
1 2 3
2 3 1
2 3 1
2 3
2 1
2 1 3
2 1 7 3
2 1
2 3
2 1
2 1
1 2
1 2 7 3
0.04281
3 2 1
2 1
2 1 3
2 3
1 2
1 2 3
2 1 7 3
2 3
2 1 3
2 1
2 1
1 2
1 2 7 3
0.02727
2 3 1
2 3 1
2 3 1
2 3
2 1
2 1 3
1 2 3 7
2 1
2 1 3
1 2
2 1
1 2
1 2 7 3
0.00344
1 2 3
2 1 3
2 1 3
2 3
2 1
1 2 3
2 1 7 3
2 1
2 3
2 1
2 1
1 2
1 2 7 3
0.01917
2 1 3
2 3 1
2 3 1
2 3
1 2
1 2 3
2 1 7 3
2 1
2 1 3
1 2
2 1
1 4
1 2 7 3
0.02012
3 1 2
2 3 1
2 3 1
2 3
2 1
2 1 3
2 1 7 3
2 1
2 3
2 1
2 1
1 4
1 2 7 3
0.034
1 3 2
2 3 1
2 1 3
2 3
2 1
2 1 3
2 1 3 7
2 3
2 3
1 2
2 1
1 2
1 2 7 3
0.00877
2 1 3
2 1
2 1 3
2 3
1 2
2 1 3
1 2 7 3
2 1
2 3
2 1
2 1
1 2
1 2 7 3
0.04014
2 3 1
2 3 1
2 3 1
2 3
1 2
1 2 3
2 1 7 3
2 1
2 3 1
1 2
2 1
1 2
1 2 7 3
0.01545
1 3 2
2 1
2 1 3
2 3
1 2
2 1 3
2 1 7 3
2 3
2 1 3
1 2
2 1
1 4
1 2 7 3
0.02587
1 2 3
2 1 3
2 3 1
2 3
2 1
1 2 3
2 1 3 7
2 3 1
2 3 1
1 2
2 1
1 2
1 2 7 3
0.0023
2 3 1
2 1
2 1 3
2 3
2 1
2 1 3
1 2 3 7
2 3
2 3
2 1
2 1
1 4
1 2 7 3
0.01602
1 2 3
2 3 1
2 3 1
2 3
1 2
2 1 3
2 1 7 3
2 1
2 1 3
2 1
2 1
1 2
1 2 7 3
0.0859
2 3 1
2 1
2 1 3
2 3
1 2
1 2 3
1 2 3 7
2 1
2 3 1
1 2
2 1
1 2
1 2 7 3
0.01374
1 2 3
2 1
2 1 3
2 3
1 2
1 2 3
1 2 3 7
2 1
2 3
2 1
2 1
1 4
1 2 7 3
0.09601
3 1 2
2 1
2 1 3
2 3
2 1
2 1 3
1 2 7 3
2 1
2 3
2 1
2 1
1 2
1 2 7 3
0.15165
1 3 2
2 3 1
2 3 1
2 3
1 2
1 2 3
2 1 3 7
2 1
2 3
1 2
2 1
1 2
1 2 7 3
0.07778
1 3 2
2 1
2 3 1
2 3
2 1
1 2 3
1 2 3 7
2 3
2 3
1 2
2 1
1 2
1 2 7 3
0.04355
2 3 1
2 1
2 1 3
2 3
1 2
2 1 3
1 2 3 7
2 1
2 3
1 2
2 1
1 2
1 2 7 3
0.06028
3 1 2
2 3 1
2 1 3
2 3
2 1
1 2 3
1 2 7 3
2 1 3
2 3
1 2
2 1
1 2
1 2 7 3
0.15612
3 1 2
2 1
2 3 1
2 3
1 2
1 2 3
1 2 7 3
2 1 7
2 1 3
2 1
2 1
1 2
1 2 7 3
0.02403
2 3 1
2 3 1
2 1 3
2 3
1 2
2 1 3
2 1 3 7
2 1
2 3
1 2
2 1
1 2
1 2 7 3
0.03334
2 3 1
2 1
2 3 1
2 3
1 2
1 2 3
2 1 3 7
2 3
2 3 1
1 2
2 1
1 4
1 2 7 3
0.00377
2 1 3
2 3 1
2 1 3
2 3
1 2
2 1 3
2 1 3 7
2 1
2 1 3
1 2
2 1
1 4
1 2 7 3
0.02035
2 1 3
2 1
2 1 3
2 3
1 2
2 1 3
1 2 3 7
2 3 1
2 3
1 2
2 1
1 2
1 2 7 3
0.02601
1 3 2
2 3 1
2 3 1
2 3
2 1
1 2 3
2 1 7 3
2 1 3
2 3
2 1
2 1
1 4
1 2 7 3
0.03368
1 2 3
2 3 1
2 3 1
2 3
2 1
2 1 3
1 2 3 7
2 1
2 3 1
1 2
2 1
1 4
1 2 7 3
0.03411
2 3 1
2 1
2 1 3
2 3
1 2
2 1 3
1 2 3 7
2 3 1
2 3
1 2
2 1
1 2
1 2 7 3
0.00587
1 2 3
2 1
2 1 3
2 3
2 1
1 2 3
2 1 3 7
2 3
2 3
2 1
2 1
1 2
1 2 7 3
0.08496
3 1 2
2 1 3
2 3 1
2 3
2 1
2 1 3
2 1 7 3
2 1
2 3
1 2
2 1
1 2
1 2 7 3
0.01623
2 3 1
2 1 3
2 1 3
2 3
2 1
2 1 3
1 2 7 3
2 1
2 3 1
1 2
2 1
1 2
1 2 7 3
0.03768
3 2 1
2 1
2 1 3
2 3
2 1
2 1 3
2 1 7 3
2 1
2 3 1
1 2
2 1
1 2
1 2 7 3
0.02905
2 3 1
2 1 3
2 3 1
2 3
1 2
1 2 3
2 1 7 3
2 1
2 3
1 2
2 1
1 2
1 2 7 3
0.02589
2 3 1
2 1
2 3 1
2 3
1 2
1 2 3
1 2 7 3
2 3
2 1 3
1 2
2 1
1 4
1 2 7 3
0.02543
1 2 3
2 1
2 3 1
2 3
1 2
2 1 3
2 1 7 3
2 1
2 3
2 1
2 1
1 2
1 2 7 3
0.0264
1 2 3
2 1
2 3 1
2 3
1 2
1 2 3
1 2 7 3
2 1 7
2 3
2 1
2 1
1 2
1 2 7 3
0.06942
3 1 2
2 1
2 3 1
2 3
2 1
2 1 3
2 1 7 3
2 1
2 3 1
1 2
2 1
1 4
1 2 7 3
0.15325
1 3 2
2 1
2 3 1
2 3
2 1
2 1 3
1 2 3 7
2 1 7
2 3 1
1 2
2 1
1 2
1 2 7 3
0.02198
3 2 1
2 1 3
2 1 3
2 3
2 1
2 1 3
1 2 7 3
2 3 1
2 3 1
2 1
2 1
1 2
1 2 7 3
0.00281
2 1 3
2 3 1
2 1 3
2 3
1 2
2 1 3
2 1 3 7
2 3 1
2 1 3
2 1
2 1
1 2
1 2 7 3
0.03078
2 1 3
2 1
2 3 1
2 3
1 2
1 2 3
2 1 7 3
2 1
2 3 1
2 1
2 1
1 2
1 2 7 3
0.00121
1 2 3
2 1 3
2 1 3
2 3
2 1
1 2 3
2 1 3 7
2 3
2 3
1 2
2 1
1 4
1 2 7 3
0.00076
2 1 3
2 1 3
2 1 3
2 3
1 2
2 1 3
2 1 7 3
2 1
2 1 3
1 2
2 1
1 4
1 2 7 3
0.26739
3 2 1
2 1
2 3 1
2 3
1 2
1 2 3
1 2 3 7
2 1
2 3
1 2
2 1
1 2
1 2 7 3
0.03477
1 2 3
2 1
2 3 1
2 3
1 2
1 2 3
2 1 3 7
2 1
2 3
2 1
2 1
1 4
1 2 7 3
0.05168
3 2 1
2 1
2 3 1
2 3
2 1
2 1 3
2 1 7 3
2 3
2 3
1 2
2 1
1 2
1 2 7 3
0.00487
3 2 1
2 1 3
2 3 1
2 3
2 1
2 1 3
2 1 3 7
2 1 7
2 1 3
2 1
2 1
1 2
1 2 7 3
0.07598
3 2 1
2 1
2 3 1
2 3
2 1
1 2 3
1 2 3 7
2 3
2 3 1
2 1
2 1
1 4
1 2 7 3
0.01691
1 3 2
2 1 3
2 1 3
2 3
1 2
2 1 3
2 1 7 3
2 1 7
2 3
1 2
2 1
1 2
1 2 7 3
0.02557
3 2 1
2 1
2 1 3
2 3
1 2
2 1 3
2 1 7 3
2 1 3
2 3
1 2
2 1
1 4
1 2 7 3
0.0714
1 3 2
2 1
2 1 3
2 3
2 1
1 2 3
2 1 3 7
2 1
2 3 1
2 1
2 1
1 2
1 2 7 3
0.00809
2 1 3
2 3 1
2 1 3
2 3
1 2
1 2 3
1 2 3 7
2 1 7
2 3
2 1
2 1
1 4
1 2 7 3
0.00456
1 2 3
2 3 1
2 1 3
2 3
2 1
2 1 3
2 1 3 7
2 1
2 3
2 1
2 1
1 2
1 2 7 3
0.01622
2 1 3
2 1
2 1 3
2 3
2 1
1 2 3
1 2 7 3
2 1
2 3 1
2 1
2 1
1 2
1 2 7 3
0.05928
3 1 2
2 1
2 1 3
2 3
2 1
1 2 3
1 2 3 7
2 1 3
2 3
2 1
2 1
1 4
1 2 7 3
0.01804
2 3 1
2 1
2 3 1
2 3
2 1
1 2 3
1 2 7 3
2 3
2 3
1 2
2 1
1 4
1 2 7 3
0.10294
3 2 1
2 1
2 3 1
2 3
2 1
2 1 3
1 2 3 7
2 1
2 3
1 2
2 1
1 4
1 2 7 3
0.17925
3 1 2
2 1
2 3 1
2 3
2 1
2 1 3
1 2 3 7
2 1 7
2 3
1 2
2 1
1 2
1 2 7 3
0.00523
2 1 3
2 1
2 1 3
2 3
1 2
2 1 3
2 1 3 7
2 1
2 3
1 2
2 1
1 4
1 2 7 3
0.01498
1 2 3
2 1
2 1 3
2 3
2 1
1 2 3
1 2 3 7
2 1
2 3
1 2
2 1
1 4
1 2 7 3
0.13446
1 3 2
2 1
2 3 1
2 3
1 2
1 2 3
1 2 7 3
2 1
2 3
2 1
2 1
1 2
1 2 7 3
0.17797
3 1 2
2 3 1
2 3 1
2 3
2 1
1 2 3
1 2 3 7
2 1
2 3 1
2 1
2 1
1 2
1 2 7 3
0.01549
2 3 1
2 1
2 1 3
2 3
1 2
2 1 3
1 2 7 3
2 3
2 3
1 2
2 1
1 2
1 2 7 3
0.00674
2 1 3
2 3 1
2 1 3
2 3
2 1
1 2 3
1 2 3 7
2 3
2 1 3
1 2
2 1
1 2
1 2 7 3
0.0121
2 1 3
2 1
2 3 1
2 3
1 2
1 2 3
2 1 3 7
2 3
2 3 1
2 1
2 1
1 4
1 2 7 3
0.00843
1 2 3
2 3 1
2 1 3
2 3
2 1
2 1 3
2 1 3 7
2 3 1
2 1 3
1 2
2 1
1 2
1 2 7 3
0.00253
2 1 3
2 3 1
2 3 1
2 3
2 1
2 1 3
2 1 3 7
2 1
2 3
2 1
2 1
1 2
1 2 7 3
0.11901
3 1 2
2 1 3
2 3 1
2 3
1 2
1 2 3
2 1 3 7
2 3
2 3 1
2 1
2 1
1 2
1 2 7 3
0.03666
3 2 1
2 3 1
2 3 1
2 3
2 1
1 2 3
1 2 3 7
2 1 3
2 1 3
2 1
2 1
1 4
1 2 7 3
0.10045
3 2 1
2 1
2 3 1
2 3
2 1
1 2 3
2 1 7 3
2 1
2 1 3
1 2
2 1
1 2
1 2 7 3
0.05596
3 1 2
2 1
2 3 1
2 3
1 2
2 1 3
2 1 7 3
2 1
2 1 3
2 1
2 1
1 4
1 2 7 3
0.01984
1 2 3
2 1
2 1 3
2 3
2 1
2 1 3
2 1 3 7
2 1
2 3 1
1 2
2 1
1 2
1 2 7 3
0.00311
2 3 1
2 1
2 3 1
2 3
2 1
2 1 3
1 2 7 3
2 1 3
2 3 1
2 1
2 1
1 4
1 2 7 3
0.00085
2 1 3
2 1
2 1 3
2 3
2 1
1 2 3
2 1 3 7
2 1 7
2 3
2 1
2 1
1 4
1 2 7 3
0.03475
1 2 3
2 1
2 3 1
2 3
1 2
1 2 3
1 2 7 3
2 1
2 3
2 1
2 1
1 4
1 2 7 3
0.04078
3 2 1
2 1
2 1 3
2 3
2 1
1 2 3
1 2 7 3
2 3
2 3
2 1
2 1
1 4
1 2 7 3
0.04825
1 3 2
2 1
2 1 3
2 3
1 2
1 2 3
2 1 3 7
2 1 7
2 3
1 2
2 1
1 2
1 2 7 3
0.01481
2 3 1
2 1 3
2 1 3
2 3
2 1
1 2 3
1 2 7 3
2 1
2 3 1
2 1
2 1
1 2
1 2 7 3
0.05282
3 2 1
2 3 1
2 3 1
2 3
1 2
2 1 3
2 1 7 3
2 1 3
2 1 3
1 2
2 1
1 2
1 2 7 3
0.02167
1 3 2
2 1 3
2 1 3
2 3
2 1
2 1 3
1 2 3 7
2 1 7
2 3
1 2
2 1
1 2
1 2 7 3
0.04205
3 1 2
2 1 3
2 1 3
2 3
2 1
2 1 3
2 1 7 3
2 1 7
2 3 1
1 2
2 1
1 2
1 2 7 3
0.06049
3 1 2
2 1 3
2 1 3
2 3
1 2
1 2 3
2 1 3 7
2 1
2 1 3
2 1
2 1
1 2
1 2 7 3
0.03214
1 3 2
2 1
2 1 3
2 3
2 1
1 2 3
1 2 7 3
2 3 1
2 1 3
2 1
2 1
1 4
1 2 7 3
0.00617
2 3 1
2 1 3
2 1 3
2 3
1 2
1 2 3
2 1 7 3
2 1 7
2 3
2 1
2 1
1 2
1 2 7 3
0.02094
2 3 1
2 1 3
2 3 1
2 3
1 2
1 2 3
2 1 7 3
2 3 1
2 1 3
1 2
2 1
1 2
1 2 7 3
0.02784
2 3 1
2 1 3
2 3 1
2 3
1 2
1 2 3
2 1 3 7
2 1
2 3 1
2 1
2 1
1 2
1 2 7 3
0.06925
3 1 2
2 1
2 1 3
2 3
1 2
1 2 3
2 1 7 3
2 1 3
2 3
2 1
2 1
1 2
1 2 7 3
0.03244
1 3 2
2 3 1
2 3 1
2 3
2 1
2 1 3
2 1 7 3
2 1
2 1 3
1 2
2 1
1 4
1 2 7 3
0.27002
3 1 2
2 1
2 3 1
2 3
1 2
2 1 3
2 1 3 7
2 1
2 3 1
1 2
2 1
1 2
1 2 7 3
0.00608
2 1 3
2 1
2 1 3
2 3
2 1
2 1 3
1 2 7 3
2 1
2 3 1
2 1
2 1
1 2
1 2 7 3
0.00596
2 1 3
2 1
2 1 3
2 3
1 2
1 2 3
1 2 7 3
2 1
2 1 3
2 1
2 1
1 4
1 2 7 3
0.01397
2 3 1
2 1
2 3 1
2 3
1 2
2 1 3
1 2 3 7
2 3
2 3
2 1
2 1
1 4
1 2 7 3
0.00467
1 3 2
2 1 3
2 1 3
2 3
2 1
2 1 3
2 1 7 3
2 3
2 3
1 2
2 1
1 4
1 2 7 3
0.1057
3 1 2
2 1 3
2 3 1
2 3
1 2
1 2 3
1 2 3 7
2 1 7
2 3
2 1
2 1
1 2
1 2 7 3
0.00468
1 2 3
2 1 3
2 1 3
2 3
2 1
1 2 3
2 1 7 3
2 1 3
2 3 1
1 2
2 1
1 2
1 2 7 3
0.016
1 2 3
2 1
2 1 3
2 3
2 1
1 2 3
1 2 7 3
2 3 1
2 1 3
1 2
2 1
1 2
1 2 7 3
0.05328
1 3 2
2 1
2 1 3
2 3
2 1
1 2 3
2 1 3 7
2 1
2 3
1 2
2 1
1 4
1 2 7 3
0.03454
3 2 1
2 1 3
2 3 1
2 3
2 1
2 1 3
2 1 7 3
2 1
2 3
1 2
2 1
1 2
1 2 7 3
0.02944
1 2 3
2 1
2 3 1
2 3
2 1
1 2 3
1 2 7 3
2 3 1
2 3
2 1
2 1
1 2
1 2 7 3
0.02072
3 1 2
2 1 3
2 1 3
2 3
2 1
2 1 3
2 1 3 7
2 1 3
2 3 1
1 2
2 1
1 4
1 2 7 3
0.01245
2 3 1
2 1
2 1 3
2 3
2 1
1 2 3
2 1 3 7
2 1
2 3
2 1
2 1
1 2
1 2 7 3
0.04464
3 1 2
2 1 3
2 1 3
2 3
1 2
1 2 3
1 2 7 3
2 3 1
2 3
1 2
2 1
1 2
1 2 7 3
0.00497
1 2 3
2 3 1
2 3 1
2 3
1 2
2 1 3
2 1 7 3
2 3
2 3
2 1
2 1
1 4
1 2 7 3
0.11817
3 1 2
2 1
2 3 1
2 3
1 2
2 1 3
1 2 7 3
2 3 1
2 3
2 1
2 1
1 4
1 2 7 3
0.03464
3 1 2
2 1 3
2 3 1
2 3
2 1
2 1 3
2 1 3 7
2 3
2 3
2 1
2 1
1 2
1 2 7 3
0.03343
2 1 3
2 3 1
2 1 3
2 3
1 2
1 2 3
1 2 3 7
2 1
2 3 1
2 1
2 1
1 2
1 2 7 3
0.01841
1 2 3
2 1 3
2 1 3
2 3
2 1
1 2 3
1 2 3 7
2 1
2 3 1
1 2
2 1
1 2
1 2 7 3
0.02896
1 3 2
2 1 3
2 3 1
2 3
2 1
2 1 3
2 1 7 3
2 1 7
2 3
1 2
2 1
1 2
1 2 7 3
0.04251
1 3 2
2 3 1
2 1 3
2 3
1 2
1 2 3
1 2 7 3
2 1
2 3
1 2
2 1
1 2
1 2 7 3
0.00573
2 3 1
2 1
2 3 1
2 3
2 1
2 1 3
2 1 3 7
2 1
2 3 1
1 2
2 1
1 4
1 2 7 3
0.1198
3 2 1
2 1
2 1 3
2 3
1 2
1 2 3
2 1 3 7
2 1
2 1 3
1 2
2 1
1 2
1 2 7 3
0.01544
2 1 3
2 3 1
2 3 1
2 3
1 2
2 1 3
1 2 7 3
2 3 1
2 3 1
2 1
2 1
1 2
1 2 7 3
0.12121
3 1 2
2 1 3
2 1 3
2 3
1 2
2 1 3
2 1 3 7
2 1
2 3 1
1 2
2 1
1 2
1 2 7 3
0.00657
2 1 3
2 1 3
2 3 1
2 3
1 2
2 1 3
1 2 3 7
2 3
2 1 3
1 2
2 1
1 2
1 2 7 3
0.05858
3 2 1
2 1
2 1 3
2 3
1 2
2 1 3
2 1 7 3
2 1
2 1 3
1 2
2 1
1 2
1 2 7 3
0.00919
2 1 3
2 1
2 1 3
2 3
1 2
2 1 3
1 2 7 3
2 1
2 3
2 1
2 1
1 2
1 2 7 3
0.00662
2 1 3
2 1
2 3 1
2 3
1 2
2 1 3
1 2 7 3
2 3
2 3
2 1
2 1
1 4
1 2 7 3
0.00813
1 2 3
2 1
2 1 3
2 3
1 2
2 1 3
2 1 3 7
2 1 7
2 3
2 1
2 1
1 2
1 2 7 3
0.00822
2 1 3
2 3 1
2 1 3
2 3
2 1
1 2 3
1 2 3 7
2 1 7
2 3
1 2
2 1
1 4
1 2 7 3
0.01227
2 3 1
2 1
2 3 1
2 3
2 1
1 2 3
2 1 7 3
2 1 7
2 3
1 2
2 1
1 4
1 2 7 3
0.0359
1 3 2
2 1
2 1 3
2 3
1 2
2 1 3
2 1 3 7
2 1 7
2 3
1 2
2 1
1 4
1 2 7 3
0.06245
3 2 1
2 3 1
2 3 1
2 3
1 2
2 1 3
1 2 7 3
2 1 7
2 3 1
2 1
2 1
1 2
1 2 7 3
0.06984
3 1 2
2 3 1
2 3 1
2 3
2 1
2 1 3
2 1 7 3
2 1 7
2 3
1 2
2 1
1 2
1 2 7 3
0.01377
3 2 1
2 1
2 1 3
2 3
2 1
1 2 3
2 1 7 3
2 1
2 3
2 1
2 1
1 4
1 2 7 3
0.01488
3 2 1
2 1 3
2 1 3
2 3
2 1
2 1 3
2 1 7 3
2 3
2 3
1 2
2 1
1 2
1 2 7 3
0.07679
3 2 1
2 1
2 3 1
2 3
1 2
2 1 3
2 1 3 7
2 1
2 3
2 1
2 1
1 2
1 2 7 3
0.00419
2 1 3
2 3 1
2 1 3
2 3
1 2
2 1 3
1 2 3 7
2 3
2 1 3
2 1
2 1
1 2
1 2 7 3
0.04392
1 3 2
2 1
2 3 1
2 3
1 2
2 1 3
2 1 3 7
2 1 7
2 3
2 1
2 1
1 4
1 2 7 3
0.00067
2 1 3
2 1 3
2 3 1
2 3
1 2
2 1 3
2 1 7 3
2 1 7
2 3
2 1
2 1
1 4
1 2 7 3
0.01409
1 3 2
2 1 3
2 1 3
2 3
1 2
2 1 3
2 1 7 3
2 1
2 3 1
2 1
2 1
1 4
1 2 7 3
0.02564
1 3 2
2 1
2 3 1
2 3
2 1
1 2 3
2 1 7 3
2 1 3
2 3
2 1
2 1
1 4
1 2 7 3
0.18486
3 1 2
2 3 1
2 3 1
2 3
2 1
1 2 3
1 2 3 7
2 1
2 3
2 1
2 1
1 2
1 2 7 3
0.00549
2 3 1
2 1 3
2 3 1
2 3
2 1
2 1 3
2 1 7 3
2 3
2 3 1
1 2
2 1
1 2
1 2 7 3
0.02648
1 3 2
2 1 3
2 3 1
2 3
2 1
1 2 3
1 2 7 3
2 3
2 3
2 1
2 1
1 4
1 2 7 3
0.10457
1 3 2
2 3 1
2 3 1
2 3
1 2
1 2 3
1 2 3 7
2 1 7
2 3
2 1
2 1
1 2
1 2 7 3
0.00119
2 1 3
2 1 3
2 1 3
2 3
2 1
2 1 3
1 2 7 3
2 1
2 3
1 2
2 1
1 4
1 2 7 3
0.01352
1 3 2
2 3 1
2 1 3
2 3
2 1
2 1 3
2 1 3 7
2 1
2 1 3
2 1
2 1
1 2
1 2 7 3
0.10742
3 1 2
2 3 1
2 1 3
2 3
1 2
2 1 3
1 2 7 3
2 1
2 3 1
2 1
2 1
1 4
1 2 7 3
0.03818
2 1 3
2 1
2 3 1
2 3
2 1
1 2 3
1 2 3 7
2 1
2 1 3
1 2
2 1
1 2
1 2 7 3
0.11909
3 2 1
2 3 1
2 3 1
2 3
1 2
1 2 3
2 1 3 7
2 3
2 1 3
1 2
2 1
1 2
1 2 7 3
0.00967
2 3 1
2 1
2 1 3
2 3
1 2
2 1 3
1 2 7 3
2 3
2 3 1
2 1
2 1
1 4
1 2 7 3
0.09941
1 3 2
2 1
2 3 1
2 3
2 1
2 1 3
1 2 7 3
2 1
2 3 1
2 1
2 1
1 2
1 2 7 3
0.09266
3 1 2
2 1 3
2 3 1
2 3
1 2
2 1 3
1 2 7 3
2 3
2 3 1
1 2
2 1
1 2
1 2 7 3
0.12421
1 3 2
2 3 1
2 3 1
2 3
1 2
1 2 3
2 1 7 3
2 1
2 3
1 2
2 1
1 2
1 2 7 3
0.10738
1 3 2
2 3 1
2 3 1
2 3
1 2
2 1 3
2 1 7 3
2 1 7
2 3 1
1 2
2 1
1 2
1 2 7 3
